[[0.38716750433081987, 0.10055317766066477, 0.13739672057323818, 0.37488259743527724], [0.15286222744491326, 0.23414260894165365, 0.2684124131738888, 0.34458275043954434], [0.19709934575354138, 0.16934996535548621, 0.1329242509283684, 0.500626437962604], [0.20648027881644984, 0.3675844836592662, 0.12026824615018718, 0.30566699137409686], [0.41252123440778726, 0.428297066199201, 0.09693845147692472, 0.06224324791608701], [0.17117244473139695, 0.27313651979754316, 0.24970616402720605, 0.30598487144385395], [0.23980463509945235, 0.12067930942088917, 0.28037328671571343, 0.35914276876394513], [0.41320856682394935, 0.12860672734302184, 0.28774875972739616, 0.17043594610563267], [0.09095384488273835, 0.7339854123032999, 0.08591575198373005, 0.0891449908302316], [0.1911001472459137, 0.583231876512708, 0.05273255600621618, 0.17293542023516204], [0.022085807614766948, 0.06622288247618463, 0.7521946194934911, 0.1594966904155574], [0.06746280756269027, 0.21441762118434818, 0.11861192730661532, 0.5995076439463464], [0.0692800627412281, 0.6134301196954685, 0.19672388526727305, 0.12056593229603045], [0.060825719296903155, 0.15149512914579488, 0.5447434261267514, 0.2429357254305505], [0.21613527025775192, 0.3823147230593648, 0.16657543405979325, 0.23497457262309004], [0.17872146457192453, 0.1747165844593553, 0.5482191953335557, 0.09834275563516447], [0.3392830035447574, 0.28281156621425846, 0.26350913505855456, 0.1143962951824296], [0.041352794746115876, 0.36962899500954993, 0.30473249516285417, 0.2842857150814801], [0.2799261576596361, 0.38920662171337045, 0.24055345568374845, 0.09031376494324504], [0.09750334315394586, 0.6573145585278403, 0.23203896967832077, 0.013143128639892957], [0.3060992919162399, 0.3739690918614092, 0.26569602971704237, 0.054235586505308485], [0.046947298064151176, 0.6183235889035752, 0.11914666445475779, 0.21558244857751588], [0.4988766613570351, 0.17615115852776847, 0.13620694189283553, 0.18876523822236094], [0.243141727832079, 0.23260532692738278, 0.33393466665401067, 0.19031827858652756], [0.7368342133104092, 0.15995575585368757, 0.04958063809949198, 0.05362939273641111], [0.10168780887685545, 0.027694832727495643, 0.38363059700647906, 0.48698676138916985], [0.11961897469815921, 0.17466043744482462, 0.262948916740811, 0.4427716711162052], [0.09522489729924827, 0.18833426391573999, 0.6181945192863602, 0.09824631949865167], [0.3030556983582749, 0.19463944823342785, 0.24723006164662992, 0.2550747917616673], [0.6215696263722538, 0.07031997338621311, 0.05506029485385991, 0.25305010538767336], [0.38210479468538083, 0.24331248048380472, 0.1325376473777432, 0.24204507745307113], [0.07116772523746752, 0.19082389966344288, 0.6382912871413761, 0.09971708795771352], [0.13273898893810687, 0.49306724328156837, 0.22819479013568453, 0.14599897764464032], [0.20822869944519679, 0.1967401380641112, 0.2820303712339259, 0.31300079125676605], [0.5652062498764678, 0.21694501804337277, 0.07924641580043218, 0.13860231627972716], [0.10813613389729357, 0.07998216631680864, 0.6184982518169345, 0.19338344796896323], [0.4673551942758434, 0.18206003589710817, 0.13489240956928436, 0.215692360257764], [0.3210266559349248, 0.08739641959871278, 0.5210088590546583, 0.07056806541170398], [0.3996649517471623, 0.32293924000535157, 0.23057224275713908, 0.04682356549034708], [0.0478760351324823, 0.27844255872249996, 0.5284647067580566, 0.1452166993869611], [0.1803063746527551, 0.348624638871169, 0.13782813490384416, 0.3332408515722317], [0.14255706042496952, 0.5157151316169588, 0.21556835989001144, 0.1261594480680602], [0.08888250899032814, 0.3757417971676229, 0.028373951168487, 0.5070017426735621], [0.23889166457566138, 0.40376741786482023, 0.13568626337518916, 0.22165465418432923], [0.050418070180048014, 0.4000386234603313, 0.1781828504925639, 0.3713604558670569], [0.2766607132501266, 0.09181833044837805, 0.32878767959173855, 0.3027332767097568], [0.09153202683077155, 0.6881413803068929, 0.05752046733662709, 0.1628061255257084], [0.4045949743478402, 0.08641424546177415, 0.10308196701575745, 0.40590881317462824], [0.33617433499048754, 0.29022274790298885, 0.2110358517352719, 0.16256706537125182], [0.2048161393957012, 0.486790221224762, 0.183845940569982, 0.12454769880955491], [0.33811325137916826, 0.24859254813695947, 0.05664663111434957, 0.3566475693695226], [0.13442487470017192, 0.31100807684781606, 0.498500735284256, 0.05606631316775606], [0.2654216256069305, 0.2790538776385624, 0.107516096761126, 0.3480083999933811], [0.3754237541416546, 0.34104863026877724, 0.11339845876492052, 0.1701291568246476], [0.1897494963814319, 0.5161529050660076, 0.15342975434959336, 0.1406678442029671], [0.18226551980464867, 0.1392358808375051, 0.2989045111754368, 0.3795940881824095], [0.14035257293468156, 0.24204304342799673, 0.3017472690048587, 0.3158571146324631], [0.37042586263237476, 0.04489665101173762, 0.4815026343515314, 0.10317485200435612], [0.1230346121950666, 0.1901425760482192, 0.48915317159474003, 0.1976696401619742], [0.23337168813679626, 0.1797125309696337, 0.4848844512820035, 0.10203132961156655], [0.07372562885246423, 0.769916556216015, 0.13626395883132886, 0.02009385610019192], [0.24239864178662157, 0.6004484418439319, 0.10399476170719885, 0.05315815466224779], [0.18257046488774847, 0.42572487378775953, 0.24317204524809424, 0.14853261607639784], [0.29062548565720464, 0.28344052853049445, 0.07736001366395068, 0.3485739721483503], [0.035215999313170564, 0.26652908414591125, 0.49551664481500424, 0.20273827172591397], [0.3474705813109527, 0.10527648533051351, 0.3487263080189807, 0.19852662533955298], [0.25393962045128077, 0.548603849455011, 0.06915582365075741, 0.12830070644295077], [0.07888758130706625, 0.14840855859946814, 0.1762340729784002, 0.5964697871150655], [0.23763021025436828, 0.19973934200442256, 0.14479955214378318, 0.417830895597426], [0.30600860344258035, 0.08093166982283545, 0.42448605941184187, 0.18857366732274242], [0.21250479359335564, 0.04808292050155579, 0.5163479728714275, 0.223064313033661], [0.12315766815952565, 0.5289271971003391, 0.15332093614133008, 0.19459419859880514], [0.2846852157131483, 0.3442994673219711, 0.2779234193663124, 0.09309189759856833], [0.12218211036543328, 0.3981049470476716, 0.2574867814460138, 0.2222261611408813], [0.21514983633482238, 0.3141835561656652, 0.08771063906620033, 0.38295596843331214], [0.21946284660085522, 0.24768218115567597, 0.05510074087251862, 0.4777542313709502], [0.12018093016753255, 0.19675145124120033, 0.20608603603866035, 0.47698158255260675], [0.18701637623835662, 0.045217642265223276, 0.1904124649537861, 0.5773535165426341], [0.1992799457859166, 0.10957750068890357, 0.35898107237136184, 0.33216148115381794], [0.33203679754671295, 0.17682429614573, 0.21100388501400846, 0.2801350212935485], [0.19480214685681801, 0.49001965263907665, 0.06598797005058155, 0.24919023045352368], [0.3730154639317333, 0.11841858211200004, 0.054483769089301456, 0.45408218486696517], [0.06659604554620482, 0.21201231551447963, 0.4223087922269205, 0.29908284671239505], [0.4922723838554099, 0.11032053900068348, 0.15124471829364136, 0.24616235885026536], [0.27274880032699533, 0.4661777158178608, 0.12557045650589638, 0.13550302734924757], [0.3753671172144859, 0.3722652710795778, 0.15157809008357614, 0.1007895216223601], [0.3755664919231444, 0.04356147725490574, 0.09526895048886183, 0.4856030803330881], [0.06531821341865648, 0.6985532695886887, 0.1266902462253739, 0.10943827076728092], [0.3393870359291598, 0.2744038027253978, 0.08452204964552545, 0.3016871116999169], [0.09573514798172739, 0.6816947728405693, 0.07486390740293948, 0.14770617177476367], [0.18222952750423393, 0.16929418764440812, 0.42037545896630507, 0.2281008258850528], [0.46924985752578074, 0.12275833936187183, 0.29925033361146414, 0.10874146950088323], [0.18411765247075557, 0.33161549847510197, 0.3163675553544034, 0.16789929369973913], [0.3796086835948867, 0.10206052191487613, 0.3727427714740586, 0.14558802301617854], [0.5049932033048824, 0.059260238261038524, 0.20449392770764416, 0.23125263072643484], [0.16560269967369948, 0.5387927472519399, 0.09620942850921414, 0.19939512456514655], [0.2158160379633676, 0.4352220771402378, 0.19361234804694394, 0.15534953684945066], [0.1505869124227223, 0.06985666402089193, 0.3502244709617035, 0.4293319525946822], [0.10903511319432987, 0.28755398877745797, 0.2957972723122671, 0.307613625715945], [0.14023799560335043, 0.37829238554377626, 0.3384099443947461, 0.14305967445812723], [0.08074464198188203, 0.40482673241966555, 0.43854983684646, 0.07587878875199248], [0.20855826124571075, 0.3215975920218367, 0.22007129861427335, 0.24977284811817932], [0.41983811017507416, 0.16697464262730996, 0.08230471956512, 0.33088252763249587], [0.645964104588908, 0.10318710187772714, 0.14735494655064116, 0.10349384698272383], [0.3563562518072973, 0.15079954398431966, 0.16256699047525333, 0.33027721373312974], [0.20265109173345552, 0.23808380158027995, 0.27022543794529674, 0.28903966874096776], [0.14116745498144395, 0.17048349198960683, 0.35362418416506847, 0.3347248688638807], [0.3011490548506514, 0.2981944154871736, 0.19955518817167495, 0.20110134149049988], [0.11816860735625094, 0.1578554181312678, 0.4597988786979386, 0.2641770958145426], [0.19121817270323715, 0.3540481726994711, 0.31613916020999044, 0.1385944943873014], [0.23176485524557686, 0.34296339527656, 0.07949581268237757, 0.3457759367954855], [0.33383865836127147, 0.07094370373507787, 0.1799194779268737, 0.41529815997677694], [0.048095087653839186, 0.11441495612666436, 0.3621923664413961, 0.4752975897781003], [0.22400267223980955, 0.4647136535826973, 0.1584391836707409, 0.1528444905067523], [0.41801684869153816, 0.29742033041580584, 0.16012599369178465, 0.12443682720087136], [0.14210261137360472, 0.17883114663966354, 0.37418818621902317, 0.3048780557677085], [0.021693007327643815, 0.48752093804495644, 0.37137470227808156, 0.11941135234931821], [0.24586984411387372, 0.315876249162939, 0.25074285940953595, 0.1875110473136514], [0.3514164113865067, 0.152167620544678, 0.2601897642424047, 0.23622620382641057], [0.5880199050011792, 0.18560988674340811, 0.0843768404466719, 0.14199336780874072], [0.20679368674960366, 0.08003916708990118, 0.05498573028451214, 0.658181415875983], [0.052661750148135004, 0.4296178739960738, 0.2840463175927985, 0.23367405826299265], [0.3838296187413478, 0.10493356586582273, 0.29345645488345606, 0.21778036050937333], [0.10951948322226612, 0.15329361394928032, 0.30318655111393145, 0.434000351714522], [0.2597009001391815, 0.32586838255128414, 0.35962690555919163, 0.054803811750342823], [0.4776985296290828, 0.2780578056513259, 0.2409707674006552, 0.0032728973189361725], [0.6355781865045192, 0.06979174592293344, 0.06589747528584564, 0.22873259228670162], [0.21142880655706597, 0.13646291800874527, 0.24321739499059358, 0.4088908804435952], [0.1393991552885277, 0.6345442746331682, 0.11055326812629702, 0.11550330195200714], [0.5008974968722463, 0.30571447023920795, 0.038347277971643855, 0.15504075491690186], [0.12617818588534552, 0.18572435286415856, 0.21795468964152193, 0.4701427716089741], [0.1409611329902889, 0.2036823187455044, 0.5127140977567378, 0.14264245050746885], [0.09700221506057137, 0.30965113756219387, 0.3979657736172154, 0.19538087376001947], [0.20418232639051292, 0.37935273228918825, 0.06844492780705023, 0.34802001351324857], [0.1775031597301984, 0.19093557783892853, 0.2563336456738132, 0.3752276167570598], [0.3635230629265768, 0.29370154797412323, 0.3191500218143943, 0.02362536728490557], [0.1506486377069103, 0.15912370046491592, 0.12655918747476474, 0.5636684743534092], [0.39304797994394747, 0.12193333561521459, 0.031142313055902315, 0.4538763713849357], [0.06736396096063417, 0.6012088678636417, 0.1368750625843513, 0.19455210859137284], [0.13665231948449105, 0.12958582588389278, 0.5407187133722386, 0.19304314125937758], [0.28760136195430885, 0.26920257235211886, 0.30141051253955137, 0.14178555315402092], [0.4101335118267284, 0.13544784868631038, 0.18166579350735754, 0.27275284597960364], [0.15209927088954112, 0.5603229415451968, 0.21321027035234041, 0.07436751721292169], [0.12484420467031265, 0.1319258035902376, 0.06776837245314854, 0.6754616192863012], [0.04109853632244457, 0.5482376552889134, 0.26066897342372797, 0.1499948349649141], [0.669068565159315, 0.04185462996089496, 0.23475001084807123, 0.054326794031718875], [0.11705241240766984, 0.2148527243029263, 0.40400489449188637, 0.2640899687975174], [0.35125052748828023, 0.3195210205363896, 0.2598569888268441, 0.06937146314848602], [0.14902344294121755, 0.25810511741278297, 0.5058034550307404, 0.0870679846152591], [0.1733308009649182, 0.11142625775937025, 0.35484474749055206, 0.36039819378515936], [0.4038797055038895, 0.06814187971392492, 0.35388868898198494, 0.17408972580020063], [0.18909352928484913, 0.46847672129729695, 0.10603679787483075, 0.2363929515430233], [0.34425602195379595, 0.1668239476176962, 0.13928591791486802, 0.3496341125136399], [0.2751654097579294, 0.2447219448776456, 0.2261777653355959, 0.25393488002882914], [0.10826735034504216, 0.6136157034804846, 0.2426300551789004, 0.03548689099557284], [0.23142893623105606, 0.41835258263836445, 0.11464369685163864, 0.23557478427894085], [0.11291130860851183, 0.4824282720902742, 0.23537944579789974, 0.1692809735033141], [0.27252220501145324, 0.1340431562464729, 0.3117299087409336, 0.2817047300011403], [0.5729567523346906, 0.09602573856684904, 0.2547320937796546, 0.07628541531880566], [0.32714879123007823, 0.19012205902755946, 0.2240847474018011, 0.2586444023405612], [0.053225029234077015, 0.3235546574988448, 0.360477171716009, 0.26274314155106926], [0.22119093545557908, 0.20242474556097897, 0.4037341500800096, 0.17265016890343227], [0.02863778538952103, 0.24783925446172156, 0.17562897400276314, 0.5478939861459943], [0.4861327985744797, 0.18646641862779398, 0.2753267299136079, 0.05207405288411842], [0.2542515054393035, 0.2617273284274356, 0.40405773440504333, 0.07996343172821756], [0.5760612362955209, 0.09326316218937088, 0.20798768433004963, 0.12268791718505881], [0.13084975064748855, 0.13833722427080242, 0.5815381225773151, 0.149274902504394], [0.19863747573834187, 0.13432659284951928, 0.27693190298281967, 0.3901040284293193], [0.03167052131666926, 0.6097451290753555, 0.14449030828483408, 0.21409404132314122], [0.1352481711572919, 0.26307813215592457, 0.21196225264197674, 0.38971144404480684], [0.3353233895803203, 0.361704105957551, 0.28266523155617074, 0.02030727290595787], [0.09362182863229114, 0.6018404745574116, 0.2059967835635842, 0.09854091324671321], [0.5188136110338163, 0.3004752928578487, 0.056571964496243736, 0.1241391316120913], [0.24061658691622972, 0.07394766701846868, 0.29993438203000966, 0.3855013640352919], [0.1800602125369804, 0.367500613117587, 0.1924800609681456, 0.2599591133772869], [0.29833293797118327, 0.2185825138764713, 0.2506351176992773, 0.23244943045306798], [0.18225294249645158, 0.29241064082039137, 0.39550394161549857, 0.1298324750676583], [0.5958596275527105, 0.0734514647395034, 0.12425780834276601, 0.20643109936502008], [0.20701695515521945, 0.2286409215013034, 0.0799361476905285, 0.48440597565294863], [0.05501824535257083, 0.2685755514613142, 0.205573860882967, 0.4708323423031481], [0.4025056877925205, 0.22512143012708866, 0.07187481091351311, 0.3004980711668776], [0.20892923248845735, 0.07278549684572583, 0.599905631854343, 0.11837963881147374], [0.20499686732325237, 0.17779890493219283, 0.12520390313291907, 0.49200032461163584], [0.13304214434505962, 0.10374050881038258, 0.6172254005667573, 0.1459919462778005], [0.6322829373814265, 0.07019587115137325, 0.12354051864671854, 0.1739806728204817], [0.5563987771736619, 0.20332616691858343, 0.05346442239119992, 0.18681063351655472], [0.3483811777767588, 0.148465853075571, 0.38243328389988585, 0.12071968524778441], [0.21376315299783707, 0.22621135935684372, 0.49202253863859763, 0.0680029490067216], [0.08699066452845151, 0.14422062356081689, 0.056212931986712796, 0.7125757799240188], [0.16521051285303168, 0.1878739905825206, 0.4532900669698358, 0.19362542959461196], [0.2688808248491209, 0.47658354477261194, 0.1707273543598332, 0.083808276018434], [0.3895016978818061, 0.08900369388734404, 0.3694983090473293, 0.1519962991835207], [0.09028093367722845, 0.074105504660212, 0.8160257878038885, 0.019587773858671043], [0.2381519555702882, 0.22306364463745068, 0.21776827501528623, 0.321016124776975], [0.16439426077698083, 0.2674644118141826, 0.2868142796477853, 0.28132704776105144], [0.1914426802025747, 0.3872873194152762, 0.048193541642470736, 0.3730764587396784], [0.486636440571054, 0.2113563413965462, 0.0869599734971188, 0.21504724453528098], [0.20627419689813162, 0.5830255945993348, 0.179547162384934, 0.031153046117599684], [0.05437161476122207, 0.4332454720920763, 0.3014038670443827, 0.210979046102319], [0.31893590754812695, 0.255769254163625, 0.13493467525278055, 0.2903601630354675], [0.3938983369419383, 0.4059028738341779, 0.18531539271595812, 0.014883396507925795], [0.050761479760595044, 0.2837676978182292, 0.4479094677729072, 0.21756135464826848], [0.6391098220252045, 0.1084602878942224, 0.20898913698334648, 0.043440753097226614], [0.19934818218899303, 0.21915966725443725, 0.07432522553899977, 0.5071669250175699], [0.2682681089979665, 0.11702023219334337, 0.32613940171075834, 0.28857225709793183], [0.15483867958045067, 0.2736676887251969, 0.2870821146475959, 0.28441151704675643], [0.04806454889254401, 0.6061161266243327, 0.2987286881840587, 0.047090636299064625], [0.38897679602426305, 0.22926125370315917, 0.279913897040698, 0.1018480532318798], [0.12784024468562977, 0.12021479068038929, 0.37248165908203634, 0.3794633055519446], [0.026132208875624865, 0.025484953582644156, 0.6317022313937453, 0.3166806061479856], [0.034201904588561545, 0.8167004135576305, 0.06672097797952597, 0.08237670387428207], [0.3318432082582611, 0.3360530338077678, 0.13929986750629522, 0.19280389042767587], [0.11905703939591457, 0.1575687633289687, 0.6626292524299372, 0.06074494484517965], [0.16702175512386336, 0.32702368319693353, 0.18148310388846667, 0.32447145779073655], [0.21155150639007544, 0.18211227948725797, 0.32153024801815255, 0.28480596610451403], [0.38559838935472257, 0.15478427034588546, 0.2829793550141572, 0.17663798528523472], [0.21448856476895997, 0.34793987513038427, 0.32622411444258353, 0.11134744565807232], [0.2703199947377483, 0.2890378204173434, 0.2817098065780963, 0.15893237826681197], [0.1655768782331471, 0.3995635393014788, 0.211664735325805, 0.22319484713956908], [0.4453352876314653, 0.2824801057614029, 0.10637962368174801, 0.16580498292538381], [0.17234528151490688, 0.3234045390687845, 0.36678524641309346, 0.13746493300321513], [0.09757954667980434, 0.32307578284349214, 0.4456018986836002, 0.13374277179310343], [0.3742768055469281, 0.07739863171453391, 0.24006086800939816, 0.3082636947291398], [0.3642265265170706, 0.22741290915011333, 0.29237275692865755, 0.11598780740415865], [0.32593057915214557, 0.09095291638426409, 0.3056645416048885, 0.2774519628587018], [0.32480402441070305, 0.18731490224486924, 0.11857809160590113, 0.36930298173852655], [0.0980110761086965, 0.033251255496191685, 0.446076719210833, 0.4226609491842787], [0.38967118810636836, 0.252192780543205, 0.15928036235809265, 0.198855668992334], [0.11127441763598256, 0.03154646958599248, 0.3896163361520475, 0.46756277662597745], [0.17377986621641264, 0.008326965525052762, 0.45875726861435506, 0.3591358996441795], [0.10678615587595622, 0.07973464773050973, 0.34676983414513607, 0.466709362248398], [0.12012676431613861, 0.19105469636139463, 0.4773035656755747, 0.21151497364689212], [0.30837468808520263, 0.23242976042551936, 0.35262305432529184, 0.10657249716398605], [0.35602538055486177, 0.11921210269371246, 0.2107430297617163, 0.31401948698970955], [0.1903440785518692, 0.37557123654941443, 0.03989552219309668, 0.3941891627056197], [0.19096818324580597, 0.3728400978402303, 0.3724421552531295, 0.06374956366083424], [0.5843338313599653, 0.28728147961064104, 0.1083950252664823, 0.019989663762911385], [0.18742367970062426, 0.5385251844180615, 0.042109329564776504, 0.23194180631653774], [0.03233356328302725, 0.7153936966467941, 0.07267393110812505, 0.1795988089620537], [0.4179720797810496, 0.08961743468604008, 0.082896022798571, 0.4095144627343393], [0.12242458003177938, 0.3921784838527174, 0.12643930357512984, 0.35895763254037344], [0.053512896835702206, 0.1761014521668835, 0.2813460713383806, 0.4890395796590338], [0.049359959258752154, 0.4200975181467175, 0.33424373152191955, 0.19629879107261086], [0.17180846595396992, 0.09166565824064568, 0.4953047554056524, 0.24122112039973212], [0.047617374801953334, 0.6671959360811087, 0.23206780042123154, 0.05311888869570632], [0.405189611575041, 0.0500159678734086, 0.1771143655955017, 0.36768005495604866], [0.6428992558968588, 0.17629216001754278, 0.1448226505339978, 0.03598593355160065], [0.33727211137322494, 0.06780753940335175, 0.36137171603308377, 0.23354863319033958], [0.31634768766550614, 0.08870833442985378, 0.27522928052226486, 0.31971469738237523], [0.02472801633856084, 0.07354765964659075, 0.28608942073642385, 0.6156349032784246], [0.2871399206932853, 0.22101224860104823, 0.3570445579073409, 0.13480327279832555], [0.42986345398274334, 0.19629224007025, 0.19069739199064312, 0.18314691395636354], [0.19775893801705857, 0.08762162766051179, 0.5160607085551112, 0.1985587257673183], [0.43009805250884137, 0.27293724751809023, 0.25976196687271014, 0.03720273310035826], [0.09675956440831936, 0.504551158160643, 0.2373130646632375, 0.16137621276780018], [0.23246435818062783, 0.03727830500847758, 0.4347174925072191, 0.29553984430367536], [0.07249970969514093, 0.27739722690398494, 0.5865375412692155, 0.0635655221316586], [0.16432728599467072, 0.14142262465374333, 0.150614036872857, 0.5436360524787288], [0.14707487388122903, 0.106323148999822, 0.5609507010070953, 0.18565127611185356], [0.13734205995501414, 0.056884574843292894, 0.43762394415536715, 0.36814942104632575], [0.1882899294969946, 0.25679246321758553, 0.3337697233333851, 0.2211478839520348], [0.20173261205677834, 0.49148336374825297, 0.13448716338449346, 0.17229686081047527], [0.1970836154743871, 0.1444325588572653, 0.0376145397222408, 0.6208692859461069], [0.1508716238988828, 0.3604935980565721, 0.2607299165933836, 0.2279048614511614], [0.18592653414934826, 0.31106383710096885, 0.4208012168768321, 0.08220841187285075], [0.3823132167420222, 0.33127146032285243, 0.03363095170430156, 0.25278437123082376], [0.13054289774063757, 0.24026126666579592, 0.4313895580608303, 0.19780627753273616], [0.23554990400678588, 0.17894174126571413, 0.24470149580440057, 0.3408068589230995], [0.12456109127852194, 0.29719175302072637, 0.26016769514747534, 0.3180794605532762], [0.13542979417383424, 0.0608527010537255, 0.14382410535834314, 0.6598933994140972], [0.0016577528027035115, 0.9309918700265758, 0.04270656522783055, 0.024643811942890087], [0.2999537454091908, 0.28969406019324395, 0.1797998675142087, 0.2305523268833567], [0.3004037312244982, 0.03879574640134594, 0.3825491699337485, 0.27825135244040733], [0.3176799784415016, 0.07343477239471118, 0.4324396104386858, 0.17644563872510144], [0.3992691678141999, 0.17448255620887917, 0.15929393212994547, 0.2669543438469754], [0.5380805728286994, 0.13936921265287522, 0.11259484990304312, 0.20995536461538228], [0.1906586598343283, 0.42331205940840155, 0.22786003639228292, 0.15816924436498705], [0.23686877269114637, 0.19885624301606847, 0.2731141152825245, 0.2911608690102607], [0.3932529418154833, 0.24525108002782187, 0.2735713895844781, 0.08792458857221667], [0.34773198773546105, 0.15180718970862433, 0.2640832945071016, 0.23637752804881304], [0.170864029821508, 0.20867691827624213, 0.13224554447096978, 0.4882135074312802], [0.1924968298537837, 0.3000262477713326, 0.21305411490330756, 0.2944228074715763], [0.21248075355963872, 0.0855246297121757, 0.41023741103049266, 0.2917572056976928], [0.1256970198864552, 0.06364277070095073, 0.2526917365983466, 0.5579684728142474], [0.1483431366165566, 0.609454005930231, 0.02400410901942151, 0.21819874843379083], [0.11616933408495919, 0.4227484113117844, 0.21570623958144958, 0.2453760150218067], [0.461492324185922, 0.1453035217822696, 0.2583966754627994, 0.1348074785690091], [0.18404980072598523, 0.5263407370279273, 0.2413143638870769, 0.04829509835901062], [0.39516174054019787, 0.18986948411151028, 0.31780823403212927, 0.09716054131616256], [0.3752969522979263, 0.34542645438352915, 0.1305380248370472, 0.14873856848149722], [0.5746260182272042, 0.04141816679490043, 0.12291686706119323, 0.2610389479167021], [0.13286693621893172, 0.2610381586869681, 0.31249072270679484, 0.2936041823873053], [0.1636199719967065, 0.38868827799911654, 0.19913563201818638, 0.24855611798599048], [0.09658901395502763, 0.31529097188837873, 0.32442682740332623, 0.26369318675326736], [0.15940554966496304, 0.1533661732854221, 0.4624995206456465, 0.2247287564039684], [0.14110140656911163, 0.20400767098754283, 0.3628301125077018, 0.2920608099356436], [0.32271976335138164, 0.2519795229032532, 0.08413843908056412, 0.3411622746648011], [0.40853976290497246, 0.18163279646707775, 0.07518186750275622, 0.33464557312519366], [0.5018945247704896, 0.10399191719410142, 0.11900102826033405, 0.2751125297750749], [0.5083552377056753, 0.15778170067650632, 0.21984180133278236, 0.11402126028503597], [0.027394897972900525, 0.4071468561245271, 0.33994086908289484, 0.22551737681967768], [0.18363466987532126, 0.7044657193477661, 0.061002321849938076, 0.050897288926974586], [0.23768450379745984, 0.5494776098941138, 0.09440094386865237, 0.118436942439774], [0.07061617723051176, 0.09483701558174668, 0.6849427908869945, 0.14960401630074707], [0.2878406986265196, 0.17529010256074953, 0.3308067202941557, 0.2060624785185752], [0.31159508237509176, 0.21368064672333267, 0.28282292461669695, 0.19190134628487873], [0.16630591745537565, 0.08693741222844745, 0.5448287161895826, 0.20192795412659417], [0.2477869476736824, 0.24524997670822368, 0.23873339987380587, 0.268229675744288], [0.1621332587017897, 0.035555001825908615, 0.16049830198727486, 0.6418134374850267], [0.42560403514436107, 0.31400538349143836, 0.24040993257047374, 0.019980648793726838], [0.14602362750391445, 0.21212349087906585, 0.2661939536046557, 0.3756589280123639], [0.5128911726911349, 0.06452259022610023, 0.12013198114467222, 0.3024542559380926], [0.6552341720698869, 0.0681433397846327, 0.13510162008054352, 0.14152086806493683], [0.3524948821814106, 0.24329848423289435, 0.279630873577193, 0.12457576000850198], [0.10657627369226202, 0.3713673371568143, 0.1761999037007553, 0.34585648545016834], [0.6489118428716282, 0.21994127264025512, 0.06684719713686779, 0.06429968735124883], [0.1515244511875397, 0.5829492972199456, 0.06548438807878226, 0.20004186351373243], [0.1308225694205524, 0.5222797329706451, 0.3300520943825883, 0.016845603226214083], [0.17178988125420752, 0.6576576817390957, 0.0844313113345986, 0.0861211256720981], [0.08394725804643358, 0.07551360761713502, 0.2064288768975725, 0.634110257438859], [0.22245749917965865, 0.05606944162426947, 0.5050970639963012, 0.2163759951997707], [0.20176024734538106, 0.20795325182165858, 0.4692281595506157, 0.12105834128234463], [0.20386561525234476, 0.12490558361541408, 0.35293832665048114, 0.3182904744817601], [0.4212293056042841, 0.07142154114334051, 0.15351341740792063, 0.35383573584445477], [0.3882043966249035, 0.3501916451099338, 0.08179052203429858, 0.179813436230864], [0.6697554884492477, 0.04971716888585044, 0.2503405483177017, 0.03018679434720009], [0.04127242917968071, 0.39657216324214417, 0.3671734311951899, 0.19498197638298517], [0.13613419615913047, 0.2911723820033988, 0.38276938143881506, 0.1899240403986557], [0.1757419632922848, 0.37984004968677126, 0.036170295167316915, 0.4082476918536269], [0.1904481480584145, 0.19481903349243984, 0.4523077094845263, 0.16242510896461937], [0.3567875937929481, 0.3094945486017467, 0.12801859190651424, 0.2056992656987909], [0.38291046318363725, 0.26866353226841133, 0.1651980529823622, 0.18322795156558924], [0.3365349542129635, 0.07509138719862551, 0.3562344642287471, 0.2321391943596639], [0.34218504286037343, 0.10100843142666242, 0.1640621000725048, 0.3927444256404593], [0.3513994005754452, 0.14435766453253612, 0.42433739902716167, 0.07990553586485712], [0.08009533964029834, 0.3208601693517039, 0.07170741900444635, 0.5273370720035514], [0.1627309881742692, 0.07028702568215336, 0.17303399185234292, 0.5939479942912345], [0.39906451304536156, 0.31764731615329805, 0.25902641977709845, 0.02426175102424205], [0.42266413762988275, 0.37512331957320183, 0.025818062929368595, 0.17639447986754678], [0.27469107482484345, 0.11708137482845005, 0.1185798677341049, 0.48964768261260155], [0.19295920809224149, 0.07468666003164559, 0.547695950609944, 0.18465818126616895], [0.42699623843125806, 0.2123878659912217, 0.12152373304492418, 0.23909216253259602], [0.06410532442121843, 0.3635957062136194, 0.4162982920655569, 0.15600067729960523], [0.16828597906770726, 0.2716150108464492, 0.3473875111272909, 0.2127114989585526], [0.14568395841283818, 0.12724242993819931, 0.5329741246060936, 0.1940994870428689], [0.6566123814992704, 0.05711942705346542, 0.20467986953893336, 0.08158832190833089], [0.08582386376885094, 0.4247870814274363, 0.33139111201499566, 0.15799794278871704], [0.2997896467831941, 0.26299070306346145, 0.3755265252824627, 0.06169312487088175], [0.0855684583415814, 0.33409375410403147, 0.09710836527695868, 0.48322942227742854], [0.4783357995139737, 0.27271038589390484, 0.16148857385033677, 0.08746524074178473], [0.25977072931642536, 0.05388298269889835, 0.06173625647057377, 0.6246100315141025], [0.21178973730111122, 0.5026475016351972, 0.13294896465364664, 0.1526137964100449], [0.022927037170488523, 0.4218205306001956, 0.31241033592698736, 0.24284209630232867], [0.4694862489895223, 0.20866060001557307, 0.07347296332831024, 0.24838018766659448], [0.11201872333210565, 0.09407499606760178, 0.42436687106557514, 0.3695394095347174], [0.1196554567545371, 0.21043267661498288, 0.12214608929736148, 0.5477657773331186], [0.10590213969320365, 0.2437322673435549, 0.1383999746079733, 0.5119656183552682], [0.34219375905777394, 0.1884648836587668, 0.024799168025194624, 0.4445421892582645], [0.25104321567438714, 0.31759222658174807, 0.06699904954379358, 0.36436550820007113], [0.36193244399741586, 0.14193256190224435, 0.2734423491102069, 0.22269264499013305], [0.09800869640441234, 0.36533945278706814, 0.3180193490592799, 0.21863250174923957], [0.1389992226891367, 0.2226230518523179, 0.047615212871197805, 0.5907625125873476], [0.5707047078086132, 0.008830795531855989, 0.06859882165398905, 0.3518656750055417], [0.39088706425649555, 0.3013006952967657, 0.1954910708047648, 0.112321169641974], [0.38217090765581435, 0.41014064246535725, 0.1004231482210203, 0.10726530165780823], [0.26429456750929603, 0.2418809631973433, 0.21588213506315637, 0.27794233423020415], [0.266786475150588, 0.0702700151779635, 0.31500045317460645, 0.347943056496842], [0.7398502353540668, 0.05310974107776786, 0.09719001543090396, 0.10985000813726134], [0.3748892883347178, 0.18161560232452267, 0.2865171944858643, 0.1569779148548953], [0.18302221189662551, 0.6410355740185437, 0.13160630117587088, 0.04433591290895989], [0.44502384708553905, 0.13913045362974658, 0.3216325482660476, 0.09421315101866688], [0.09690542088488145, 0.25099845326719816, 0.41512969391036486, 0.23696643193755557], [0.1110081089346905, 0.12652702628014198, 0.11030870264723987, 0.6521561621379276], [0.14048918335251642, 0.42817171053273256, 0.29777902266124523, 0.13356008345350567], [0.355876451420396, 0.12071975171563196, 0.23513732967036952, 0.28826646719360255], [0.09157973109318715, 0.15544805920058333, 0.5586490088107828, 0.1943232008954467], [0.11144476732266129, 0.7252881941747136, 0.07292351713883702, 0.09034352136378816], [0.17641124627343155, 0.5626778610429821, 0.13571862997931622, 0.12519226270427022], [0.19330654627615196, 0.3939991872329239, 0.21064763825980393, 0.20204662823112024], [0.1623900410282566, 0.16933888486823942, 0.27243215650476554, 0.39583891759873835], [0.13739117641672804, 0.4388246191618322, 0.09666903096390543, 0.3271151734575344], [0.10765482177800924, 0.3945741447629786, 0.22491409466629678, 0.27285693879271533], [0.14375090100760665, 0.47588506652575496, 0.2506815673138782, 0.12968246515276025], [0.25598312113240995, 0.33984609034282975, 0.11382689596251941, 0.2903438925622408], [0.3962281325389887, 0.33911727671319036, 0.1478718824024343, 0.11678270834538657], [0.21864540459476098, 0.41992746989945196, 0.06378995517941627, 0.2976371703263708], [0.19207910602899383, 0.4290121955237459, 0.2291304524091104, 0.1497782460381497], [0.05057448074430766, 0.1283797880582044, 0.6718612736670317, 0.14918445753045612], [0.312911253739002, 0.4794331127144927, 0.08243895590564786, 0.1252166776408573], [0.31252784980112425, 0.3716858161397876, 0.10280368870996348, 0.21298264534912476], [0.4754494670483032, 0.05987562284228067, 0.1675579135604829, 0.2971169965489332], [0.3623769442801153, 0.28804626989206294, 0.0959337181061504, 0.2536430677216714], [0.12087407712625037, 0.2694922637848926, 0.300160659180484, 0.3094729999083732], [0.30229198486688597, 0.19672791611263968, 0.17534724173368735, 0.325632857286787], [0.16977045003552665, 0.14290616401542647, 0.13118127600717008, 0.5561421099418768], [0.39625176024630937, 0.25465584024183197, 0.21609599189356596, 0.13299640761829273], [0.10146743901884744, 0.1833755234247994, 0.1834376465374227, 0.5317193910189304], [0.18484522734764416, 0.1745104508852997, 0.10608825793604233, 0.5345560638310137], [0.2022846328832841, 0.30117287400548115, 0.13964738748364863, 0.356895105627586], [0.033787326195461626, 0.17386834775600984, 0.7234172629706115, 0.06892706307791706], [0.4458997311325254, 0.21355626901638253, 0.046795039630061985, 0.2937489602210301], [0.19658946897756016, 0.08918381607846514, 0.1992528250510746, 0.5149738898929], [0.3247809958763681, 0.4294190732871462, 0.11744635413206964, 0.1283535767044159], [0.10784173132593607, 0.2884040184115035, 0.5126331769161661, 0.09112107334639445], [0.2124829096406743, 0.3278853309930493, 0.3938177843664117, 0.06581397499986484], [0.44372200202735956, 0.4443542904376417, 0.07515100807231007, 0.03677269946268864], [0.15027929218147643, 0.11291929691753055, 0.545208978745058, 0.1915924321559351], [0.2038962098703084, 0.2445530061856709, 0.09112223667705117, 0.4604285472669695], [0.16531973572968772, 0.3115346401107567, 0.16130288455311068, 0.3618427396064449], [0.10895583366233809, 0.20807346440097943, 0.2990262970329904, 0.38394440490369214], [0.2301338468781915, 0.22047750440079816, 0.16748257343045492, 0.3819060752905555], [0.21837036144845307, 0.0824566184897332, 0.4060873274853798, 0.2930856925764339], [0.3378271575833589, 0.10875951369799658, 0.31769351579785676, 0.23571981292078778], [0.38223276320708255, 0.31392733676829765, 0.011714554322479514, 0.29212534570214016], [0.23420273098265598, 0.2421125041991516, 0.17900745149235883, 0.3446773133258335], [0.6131366249065026, 0.09811509149033419, 0.02635812958742742, 0.262390154015736], [0.4004127763492101, 0.3905930873716138, 0.1292860217453165, 0.07970811453385965], [0.07091549307931273, 0.09220722176900918, 0.8291010226958727, 0.007776262455805393], [0.12704583892817817, 0.33808693142027874, 0.14480885238244906, 0.3900583772690941], [0.29958427072197674, 0.2156063419193665, 0.1803001717190432, 0.30450921563961353], [0.4823967010827118, 0.14911387876265286, 0.08514154155780163, 0.2833478785968338], [0.4736654041026183, 0.0863489697058546, 0.07938822930167591, 0.36059739688985115], [0.15806319960979764, 0.580419186172159, 0.08430734408305439, 0.1772102701349889], [0.11428772623521641, 0.10294031666199072, 0.06308975190372272, 0.7196822051990701], [0.30072358921290465, 0.22636550231087818, 0.2904513211137026, 0.18245958736251452], [0.22895470678879754, 0.3894967564661124, 0.17118185858744436, 0.21036667815764565], [0.07517044018197025, 0.045246111332094094, 0.156948365378564, 0.7226350831073717], [0.29071816358708336, 0.06717760124041025, 0.15333297324718398, 0.48877126192532244], [0.5714499755462968, 0.1721652144371275, 0.15633626094533173, 0.10004854907124384], [0.5101271368983417, 0.02413201843125511, 0.22110839624264986, 0.24463244842775342], [0.33099561753607876, 0.07414939445228756, 0.27924719580549284, 0.3156077922061407], [0.5836858747813907, 0.16483255566642976, 0.15545255918238127, 0.09602901036979838], [0.042726093406722156, 0.4645534257337133, 0.2793358930670484, 0.21338458779251615], [0.33337822964364094, 0.1684788650426474, 0.19732495991554677, 0.3008179453981648], [0.19510301929742882, 0.09479219722274457, 0.4601020059333467, 0.25000277754647987], [0.05878401746385236, 0.407866619172146, 0.22278129780871458, 0.31056806555528704], [0.14317260908953225, 0.254776215819227, 0.3905174502050258, 0.21153372488621477], [0.24970384075037017, 0.32257970375932316, 0.3133264925768857, 0.11438996291342099], [0.32403604688133547, 0.29034268076153996, 0.34961239109600767, 0.036008881261116926], [0.6529256360682026, 0.09319315052666816, 0.23813371011588186, 0.015747503289247292], [0.4108409307504458, 0.15812038275789753, 0.1066356488299013, 0.3244030376617552], [0.21375240026454045, 0.4711266664294132, 0.23745425030471048, 0.0776666830013358], [0.2092207253479299, 0.2255245851903233, 0.2814057647743119, 0.28384892468743494], [0.27882657587073967, 0.06510426100752714, 0.21311453858047058, 0.4429546245412626], [0.3523867397116461, 0.3151141167428621, 0.11565784515110951, 0.21684129839438232], [0.22788506528930888, 0.22474407755080764, 0.24590030031008825, 0.30147055684979535], [0.026920166419222957, 0.3910278137028325, 0.20908049367959716, 0.3729715261983475], [0.3592226985362656, 0.45338293962046045, 0.11948183148881948, 0.0679125303544544], [0.2219157171790848, 0.4347681866575349, 0.24922306667968552, 0.09409302948369466], [0.10669143434746456, 0.35621916106190754, 0.2375470077863452, 0.2995423968042828], [0.04505075782979933, 0.31000035650180346, 0.32056134790417956, 0.3243875377642177], [0.35768850809285224, 0.5269257643450813, 0.03540543400053498, 0.07998029356153152], [0.46396478686058445, 0.06080005028382982, 0.23873925423656386, 0.2364959086190219], [0.12635908874985582, 0.10895444634551481, 0.35167478207887926, 0.41301168282575007], [0.13878974491167334, 0.03954002965078317, 0.3537099194633958, 0.4679603059741476], [0.21595904798249024, 0.320630164401465, 0.15921898599782813, 0.3041918016182165], [0.4386172676298044, 0.05509834184089158, 0.1849949120861278, 0.3212894784431762], [0.07042661637829752, 0.3475190177649392, 0.3512904466392037, 0.23076391921755973], [0.35656242613234707, 0.2663170779632907, 0.31469918072583486, 0.0624213151785273], [0.14374067503514537, 0.46977390890192594, 0.3419088288197725, 0.04457658724315616], [0.16708128798844182, 0.12075453126352091, 0.507923269973901, 0.20424091077413623], [0.6687429436288468, 0.11188211818253499, 0.1547774560988588, 0.06459748208975946], [0.45700134861981184, 0.09274021608042335, 0.154465589332474, 0.2957928459672909], [0.17027480730536199, 0.6035858431768971, 0.11068792753749324, 0.11545142198024762], [0.12712287728500252, 0.3336428300077089, 0.18575144711977706, 0.35348284558751153], [0.2345848719012203, 0.06498185728072378, 0.5013105133189579, 0.19912275749909783], [0.49903467947934155, 0.3720258908997139, 0.03694405134916854, 0.09199537827177594], [0.09503980757281456, 0.2640607461174686, 0.3105484581417048, 0.33035098816801206], [0.08710489817694189, 0.020201870968767223, 0.7189243592430807, 0.1737688716112102], [0.12165365566394361, 0.2600285113267394, 0.1763306223931638, 0.44198721061615326], [0.5716514862438935, 0.10609722660034782, 0.09567376215818686, 0.2265775249975717], [0.36064566977112655, 0.2922227667578054, 0.1469946662734528, 0.20013689719761518], [0.24211857108756235, 0.2149076570754972, 0.16636241895792186, 0.37661135287901853], [0.2546246118702399, 0.5290240047525119, 0.1228656975842398, 0.09348568579300841], [0.08857