[[0.3871587179477079, 0.1005735897156061, 0.13739360249072405, 0.37487408984596193], [0.15286222744491326, 0.23414260894165365, 0.2684124131738888, 0.34458275043954434], [0.19710506911535056, 0.16932584497767936, 0.13292811077670205, 0.5006409751302681], [0.20654350121580542, 0.3676970347133234, 0.12030507120259162, 0.3054543928682797], [0.41252123440778726, 0.428297066199201, 0.09693845147692472, 0.06224324791608701], [0.17117244473139695, 0.27313651979754316, 0.24970616402720605, 0.30598487144385395], [0.23976591890327412, 0.12078088825151856, 0.28036840728865814, 0.35908478555654927], [0.41320856682394935, 0.12860672734302184, 0.28774875972739616, 0.17043594610563267], [0.09095384488273835, 0.7339854123032999, 0.08591575198373005, 0.0891449908302316], [0.1910114001023795, 0.5834254241420985, 0.05270806694231824, 0.17285510881320373], [0.022108284792658063, 0.06618518061815089, 0.7523006484599175, 0.1594058861292737], [0.06761301316351576, 0.21425906643687329, 0.11880119653132505, 0.5993267238682859], [0.0692800627412281, 0.6134301196954685, 0.19672388526727305, 0.12056593229603045], [0.060825719296903155, 0.15149512914579488, 0.5447434261267514, 0.2429357254305505], [0.21613527025775192, 0.3823147230593648, 0.16657543405979325, 0.23497457262309004], [0.17870196264101604, 0.1746975195374845, 0.548159374131353, 0.09844114369014645], [0.3392830035447574, 0.28281156621425846, 0.26350913505855456, 0.1143962951824296], [0.04137438450110051, 0.36965577385328974, 0.30453570469876534, 0.2844341369468443], [0.2799261576596361, 0.38920662171337045, 0.24055345568374845, 0.09031376494324504], [0.09750334315394586, 0.6573145585278403, 0.23203896967832077, 0.013143128639892957], [0.3060992919162399, 0.3739690918614092, 0.26569602971704237, 0.054235586505308485], [0.04694676955078474, 0.6183166280710034, 0.11914532315062895, 0.21559127922758287], [0.4989770917390087, 0.17597785982842146, 0.1362418093044812, 0.18880323912808872], [0.24316218060775005, 0.2325407746547661, 0.3339627568172532, 0.19033428792023074], [0.7367779928786056, 0.15994355123356935, 0.0495768550980614, 0.05370160078976349], [0.10168780887685545, 0.027694832727495643, 0.38363059700647906, 0.48698676138916985], [0.11966224097045713, 0.17485688408003466, 0.26304402555996664, 0.4424368493895416], [0.09522489729924827, 0.18833426391573999, 0.6181945192863602, 0.09824631949865167], [0.3030556983582749, 0.19463944823342785, 0.24723006164662992, 0.2550747917616673], [0.6215696263722538, 0.07031997338621311, 0.05506029485385991, 0.25305010538767336], [0.382020320372837, 0.24334574446505172, 0.1325557669982745, 0.24207816816383665], [0.0711719822352115, 0.1908353140638281, 0.6383294674339216, 0.09966323626703888], [0.13290822755665793, 0.49291862951905435, 0.2281260107008098, 0.14604713222347804], [0.20822869944519679, 0.1967401380641112, 0.2820303712339259, 0.31300079125676605], [0.5652739869135263, 0.21697101777838998, 0.07925591307227764, 0.1384990822358061], [0.10813613389729357, 0.07998216631680864, 0.6184982518169345, 0.19338344796896323], [0.4673551942758434, 0.18206003589710817, 0.13489240956928436, 0.215692360257764], [0.3210266559349248, 0.08739641959871278, 0.5210088590546583, 0.07056806541170398], [0.3996649517471623, 0.32293924000535157, 0.23057224275713908, 0.04682356549034708], [0.04799995934024631, 0.2783105366245186, 0.5285139760728875, 0.14517552796234748], [0.1803766798680955, 0.348762892404644, 0.13784907295597965, 0.33301135477128085], [0.14255706042496952, 0.5157151316169588, 0.21556835989001144, 0.1261594480680602], [0.08888250899032814, 0.3757417971676229, 0.028373951168487, 0.5070017426735621], [0.23889166457566138, 0.40376741786482023, 0.13568626337518916, 0.22165465418432923], [0.05042106574842247, 0.40006239158641627, 0.17813402257325106, 0.37138252009191014], [0.2766607132501266, 0.09181833044837805, 0.32878767959173855, 0.3027332767097568], [0.09182838820549352, 0.6873400997007484, 0.05768827332228441, 0.1631432387714735], [0.4045949743478402, 0.08641424546177415, 0.10308196701575745, 0.40590881317462824], [0.3363427763039945, 0.2902431298166234, 0.21076557371764215, 0.16264852016173986], [0.20479372345527858, 0.48673694485391794, 0.18393526390566164, 0.12453406778514185], [0.33811325137916826, 0.24859254813695947, 0.05664663111434957, 0.3566475693695226], [0.13435448634821387, 0.3110104792006368, 0.4985045859065925, 0.05613044854455693], [0.2654216256069305, 0.2790538776385624, 0.107516096761126, 0.3480083999933811], [0.3754190687122603, 0.34104437385383407, 0.11340952388500562, 0.17012703354890008], [0.18954970192253703, 0.516280179890169, 0.1534675876056194, 0.1407025305816746], [0.18231157881801324, 0.1392710661391639, 0.29898004519245613, 0.3794373098503667], [0.14037577814737254, 0.24208306164914992, 0.30179715843267446, 0.315744001770803], [0.3704287114372306, 0.04488930567402528, 0.4815063374057218, 0.10317564548302229], [0.12301365661789306, 0.1901101904669972, 0.4890698577462696, 0.19780629516884018], [0.23337168813679626, 0.1797125309696337, 0.4848844512820035, 0.10203132961156655], [0.07368193091057128, 0.7697288469858505, 0.13654140423708302, 0.020047817866495128], [0.24235074940776705, 0.6003298070857193, 0.10406178964224524, 0.05325765386426842], [0.18258717980205968, 0.42567229704961274, 0.24319430843234865, 0.1485462147159788], [0.29062548565720464, 0.28344052853049445, 0.07736001366395068, 0.3485739721483503], [0.035201661283545224, 0.2664205680742668, 0.4957220428566106, 0.20265572778557744], [0.3474705813109527, 0.10527648533051351, 0.3487263080189807, 0.19852662533955298], [0.2539177900284754, 0.5489093552021598, 0.06912032345364517, 0.12805253131571967], [0.07888758130706625, 0.14840855859946814, 0.1762340729784002, 0.5964697871150655], [0.2376014342633075, 0.19983625011015596, 0.14478201754406358, 0.41778029808247297], [0.3058476535573757, 0.08107329563373958, 0.4244576569736773, 0.18862139383520735], [0.21250521325386781, 0.048081040628625143, 0.5163489925700945, 0.2230647535474126], [0.12326477279028612, 0.5286966313839555, 0.153398460557439, 0.19464013526831922], [0.28465085151106806, 0.34425790711505433, 0.2780105808491177, 0.09308066052475998], [0.12218211036543328, 0.3981049470476716, 0.2574867814460138, 0.2222261611408813], [0.21509655485477172, 0.31435339740650947, 0.0876889176800945, 0.38286113005862427], [0.219666085579469, 0.24791155334462997, 0.0551517682717766, 0.47727059280412437], [0.12018093016753255, 0.19675145124120033, 0.20608603603866035, 0.47698158255260675], [0.1871371266336107, 0.045255222134692005, 0.19053540809313543, 0.5770722431385619], [0.1992799457859166, 0.10957750068890357, 0.35898107237136184, 0.33216148115381794], [0.33203679754671295, 0.17682429614573, 0.21100388501400846, 0.2801350212935485], [0.19480214685681801, 0.49001965263907665, 0.06598797005058155, 0.24919023045352368], [0.3729915855056772, 0.11841100159690068, 0.05454429590812734, 0.4540531169892948], [0.06658871241120871, 0.21198897006029005, 0.4223724039260524, 0.29904991360244876], [0.4922723838554099, 0.11032053900068348, 0.15124471829364136, 0.24616235885026536], [0.2727012507062537, 0.46626077977104075, 0.12555337491311674, 0.13548459460958895], [0.3753671172144859, 0.3722652710795778, 0.15157809008357614, 0.1007895216223601], [0.3755664919231444, 0.04356147725490574, 0.09526895048886183, 0.4856030803330881], [0.06531821341865648, 0.6985532695886887, 0.1266902462253739, 0.10943827076728092], [0.33874905807344996, 0.2746688044119869, 0.08460367564883722, 0.30197846186572586], [0.09580353539450767, 0.6814673947937517, 0.07491738566088177, 0.14781168415085863], [0.18222952750423393, 0.16929418764440812, 0.42037545896630507, 0.2281008258850528], [0.46924985752578074, 0.12275833936187183, 0.29925033361146414, 0.10874146950088323], [0.1836918471489042, 0.3317885671099201, 0.31653266615639464, 0.16798691958478118], [0.37962594586820947, 0.10201968913794593, 0.37275972152783327, 0.1455946434660113], [0.5049932033048824, 0.059260238261038524, 0.20449392770764416, 0.23125263072643484], [0.16557355087717615, 0.5388739273075301, 0.09619249406876865, 0.19936002774652498], [0.2158160379633676, 0.4352220771402378, 0.19361234804694394, 0.15534953684945066], [0.15056034324971954, 0.06984433868821922, 0.3503391157084894, 0.4292562023535718], [0.10902367862043442, 0.2875238328282662, 0.29587112244999997, 0.3075813661012994], [0.14031614622030777, 0.37794548984547055, 0.33864099131643394, 0.14309737261778774]]