[[0.37214970292466615, 0.1245871742047841, 0.13871826370797583, 0.36454485916257395], [0.1599865056998656, 0.19563669588208352, 0.2857434210071946, 0.3586333774108564], [0.1438668775384644, 0.1790885317802884, 0.10932566176397303, 0.5677189289172742], [0.34791456951583133, 0.28092722803606013, 0.08889517991702008, 0.28226302253108854], [0.4643976845840813, 0.39144426684814504, 0.0809756423819892, 0.06318240618578415], [0.08022007533653781, 0.3008148119612767, 0.2943263748020245, 0.324638737900161], [0.2905901801460934, 0.2275938088929705, 0.1708186689140766, 0.3109973420468595], [0.32638814361281004, 0.1344109639648931, 0.3295163196323246, 0.2096845727899723], [0.10252638229397325, 0.7136729085627589, 0.06466037372267684, 0.11914033542059108], [0.15150668727231226, 0.7020504793826272, 0.06546791515278522, 0.08097491819227536], [0.01204342482269248, 0.02856593714290736, 0.8373917993686819, 0.12199883866571826], [0.0680330842260975, 0.24880016816318, 0.1002140227316174, 0.5829527248791051], [0.11205961545983847, 0.6353325116928812, 0.18121789721502438, 0.07138997563225596], [0.04998201525087736, 0.19548884322877844, 0.5660755923751747, 0.18845354914516949], [0.24231318266144822, 0.37058970745926206, 0.18801277806623234, 0.1990843318130574], [0.1924042779797758, 0.17141984884154846, 0.5419497855928176, 0.0942260875858582], [0.4044055621199989, 0.3062530141158856, 0.2015761060587252, 0.08776531770539016], [0.04850233230171178, 0.4121174261716996, 0.25397338756411797, 0.2854068539624706], [0.2362984911048052, 0.5311810900988042, 0.16920772737751893, 0.06331269141887161], [0.08253183674470715, 0.6588737692609334, 0.2511126166681401, 0.007481777326219212], [0.273336585748091, 0.5458087202187284, 0.14565250492029286, 0.03520218911288785], [0.0382639365508186, 0.6713177439211684, 0.0974288060849276, 0.1929895134430854], [0.3763896109341316, 0.2389504697054324, 0.14441066427509697, 0.24024925508533906], [0.3491900641220051, 0.24578054357334359, 0.2739516703341987, 0.13107772197045262], [0.7354088969551201, 0.16765622328909416, 0.047445185314588696, 0.04948969444119691], [0.07385694556729366, 0.029521868241291813, 0.3727055173328954, 0.523915668858519], [0.15780145678572402, 0.12994412759390409, 0.1982524196671421, 0.5140019959532299], [0.08880933339743743, 0.18154048646771057, 0.6122821269159499, 0.11736805321890213], [0.3101169991529992, 0.1589909174590306, 0.2488817710532384, 0.2820103123347318], [0.6934577682440252, 0.06662730930075177, 0.05136188766019179, 0.18855303479503133], [0.2691188224033866, 0.3051694629299378, 0.19188478468263123, 0.23382692998404442], [0.06099752719200588, 0.16379928844551236, 0.5998453201019109, 0.17535786426057073], [0.15961266460762863, 0.48344610135122995, 0.24761401535103703, 0.10932721869010428], [0.1921935262954488, 0.2145125055505117, 0.21827308386441402, 0.37502088428962543], [0.5257404920448999, 0.15770074858419786, 0.08817050041545824, 0.22838825895544415], [0.10935523872693546, 0.1148582708181323, 0.4864902901200691, 0.2892962003348631], [0.41071980784277934, 0.23798805818094354, 0.1154168131235576, 0.2358753208527196], [0.27154932313334673, 0.12327129158628136, 0.5370119642219887, 0.06816742105838317], [0.32408002422534266, 0.30306245145212785, 0.2740763847628931, 0.09878113955963642], [0.02276521402628627, 0.29840612044113496, 0.4619579297389566, 0.2168707357936223], [0.14350777508004642, 0.31725760821808613, 0.10470596954289389, 0.4345286471589736], [0.26573900347858026, 0.4235019960363658, 0.1723822165768443, 0.13837678390820965], [0.05594150382117718, 0.3029304796084849, 0.016819667910972447, 0.6243083486593656], [0.16898846642194254, 0.40096499991499357, 0.17905737343195519, 0.2509891602311087], [0.07142724372846879, 0.32529315610462534, 0.2926386472292195, 0.3106409529376864], [0.23059211423003456, 0.11467203115783903, 0.28401728882346283, 0.3707185657886635], [0.08164116434283883, 0.7609355081826107, 0.04766776386068568, 0.10975556361386479], [0.43529271823394133, 0.0938920731843254, 0.10613154404286065, 0.36468366453887247], [0.4285317013032163, 0.26319464262081693, 0.17890040589193623, 0.1293732501840306], [0.2228398633547873, 0.48680296085366004, 0.1778262028259837, 0.11253097296556897], [0.2283308831742718, 0.2686764070758566, 0.05835970701417362, 0.44463300273569784], [0.12376951558904596, 0.3435377954809736, 0.46905947498088446, 0.06363321394909613], [0.3067263413179764, 0.2769453008089788, 0.12011615786051084, 0.2962122000125339], [0.35645178175386355, 0.3486003062330347, 0.1048774076266632, 0.19007050438643847], [0.251410057968222, 0.47742654279970814, 0.16318644551449146, 0.10797695371757848], [0.11148703320638792, 0.22381378782617678, 0.3947395377899441, 0.26995964117749127], [0.12376734659538924, 0.30120055810181307, 0.30005057714114947, 0.2749815181616483], [0.2661627215312169, 0.047002524694392055, 0.5848316684663432, 0.1020030853080479], [0.10122091981515174, 0.21355475678630798, 0.5042093573761945, 0.18101496602234582], [0.17126296077315487, 0.19331080417922966, 0.5306106984145977, 0.1048155366330178], [0.0677238920170739, 0.770441672980261, 0.11972393401024292, 0.04211050099242232], [0.2260306268114347, 0.604094460661317, 0.11892591657686427, 0.050948995950384], [0.20047565260255143, 0.4583656393444061, 0.18821440392943894, 0.1529443041236035], [0.28137353721286146, 0.2996895781737583, 0.08847075777410787, 0.3304661268392723], [0.07739077063910407, 0.24439033692249498, 0.40118949569119505, 0.2770293967472058], [0.37293038368150944, 0.14161137702016657, 0.26814803868564263, 0.21731020061268136], [0.17688252193014, 0.6533132304873173, 0.08367826129470263, 0.08612598628784016], [0.08690978906952287, 0.18337350040378547, 0.16506767037046446, 0.5646490401562271], [0.2849826630507462, 0.2146186302845302, 0.13904112797845608, 0.36135757868626756], [0.4059695742231177, 0.0740604461593336, 0.3502428342419649, 0.16972714537558387], [0.2379325833648133, 0.04186822166978782, 0.5358559567439778, 0.18434323822142107], [0.1227542907548989, 0.502097299769203, 0.18244860055887122, 0.1926998089170269], [0.25387700078446535, 0.40682907079077396, 0.29078922078844954, 0.04850470763631115], [0.12736542170515264, 0.4719460646114851, 0.2051969840928001, 0.19549152959056218], [0.23288982512807913, 0.3372128831952926, 0.11797120786213061, 0.31192608381449766], [0.22106270313487597, 0.26610758505048526, 0.035539483079144014, 0.47729022873549476], [0.04199839749092182, 0.1922111645532377, 0.25969127780996903, 0.5060991601458714], [0.1830518665266473, 0.04716278136098076, 0.20912596574059658, 0.5606593863717754], [0.14633944864460882, 0.11215454062519815, 0.3031621005566136, 0.4383439101735793], [0.36480647511596187, 0.13722871955150032, 0.20565788458531623, 0.29230692074722153], [0.20269749418693658, 0.49804875739487, 0.06090834660134662, 0.23834540181684685], [0.4028477933704922, 0.15108678809713558, 0.11266086189728994, 0.33340455663508217], [0.0889076980445224, 0.29956342301864736, 0.33488182784982956, 0.2766470510870007], [0.44252979004977816, 0.10521251167470512, 0.14946388916774037, 0.3027938091077763], [0.23890159280779652, 0.45137328912143454, 0.19901235858306293, 0.11071275948770606], [0.2652490837553281, 0.4135152950773854, 0.22502476990637324, 0.09621085126091322], [0.4168377748344566, 0.0333303189572256, 0.09160890216156414, 0.45822300404675365], [0.07533290629552997, 0.5968669209323924, 0.15836912976484271, 0.1694310430072349], [0.4027024849607615, 0.23756262420516686, 0.0804975885999637, 0.279237302234108], [0.09343308434369368, 0.6807748572838441, 0.08617966611546352, 0.1396123922569987], [0.2369735286099903, 0.1579337577746788, 0.34248058006650844, 0.26261213354882257], [0.4286946405649451, 0.12540548165286688, 0.36438345321995214, 0.08151642456223583], [0.18620740148230022, 0.43716455882675975, 0.28286455236064856, 0.09376348733029152], [0.341730488031973, 0.07825510364526257, 0.4054206793070312, 0.17459372901573317], [0.5652375307968027, 0.06381729795937083, 0.18184307360692303, 0.1891020976369034], [0.17939817637201455, 0.6574474236635567, 0.078487341981361, 0.08466705798306769], [0.22274600514544293, 0.3322075329138388, 0.18962320009499078, 0.2554232618457275], [0.1512476807050449, 0.036889585710414056, 0.36831037497023655, 0.4435523586143044], [0.16137557447304754, 0.27507397724273425, 0.2882097058785095, 0.2753407424057087], [0.14818349209517942, 0.30181380206172026, 0.33227848669670434, 0.217724219146396], [0.060050651028401965, 0.4354706410035966, 0.4563172936545886, 0.048161414313412594], [0.19942334072712933, 0.3246450187385497, 0.16504188690847751, 0.3108897536258434], [0.4564347289263422, 0.10449395009807703, 0.06982650425948467, 0.3692448167160961], [0.6445118940481751, 0.1064456207315071, 0.12429993603329534, 0.12474254918702235], [0.30081805441596954, 0.14901297088970547, 0.16465635346753676, 0.38551262122678814], [0.23483069967601097, 0.31747360509714495, 0.17395500958107904, 0.27374068564576515], [0.19591794561523576, 0.17487527172852946, 0.2560976210750339, 0.3731091615812009], [0.32006255569215625, 0.25445027744366244, 0.23102231070517387, 0.19446485615900747], [0.10182258023823977, 0.15828570200069525, 0.49090757913495037, 0.24898413862611463], [0.27391879313097584, 0.3769057966830946, 0.22468558512019468, 0.1244898250657348], [0.2958080907653094, 0.29650073533654364, 0.05047244971490348, 0.3572187241832435], [0.29691754977828677, 0.10043819978936412, 0.18175533938618188, 0.4208889110461672], [0.0833484615060238, 0.0871897030739708, 0.33888503619949806, 0.49057679922050734], [0.34173962941864244, 0.4096514026501737, 0.12686422669491532, 0.12174474123626856], [0.43371766483721347, 0.2680095121052208, 0.1647607293919303, 0.13351209366563555], [0.09799810024101974, 0.1441567924355088, 0.5361878217333947, 0.22165728559007672], [0.014788535306443897, 0.44582293759026626, 0.35719887943165385, 0.18218964767163603], [0.26563704380829567, 0.26704998179839873, 0.3454463271393326, 0.1218666472539731], [0.3945074228635795, 0.1424283521092143, 0.2933447069198912, 0.1697195181073151], [0.6377504160612741, 0.16771352803805648, 0.06804108141787997, 0.1264949744827893], [0.2511806022262541, 0.05694377205801116, 0.08730930564468001, 0.6045663200710547], [0.053825382523777464, 0.36064510347203743, 0.2977371958297718, 0.2877923181744133], [0.36742646171156396, 0.12196728299181675, 0.312634968736222, 0.19797128656039734], [0.13928155618747387, 0.1457577790249834, 0.3157628473524778, 0.3991978174350649], [0.30955964038441236, 0.2661180037225467, 0.35575766892730554, 0.06856468696573545], [0.3711147709293217, 0.22022331095826886, 0.4063760505470321, 0.0022858675653773864], [0.6709529108837773, 0.05309909819537527, 0.07866831321069637, 0.19727967771015117], [0.20812250567010496, 0.14779469470942705, 0.22749936621575423, 0.4165834334047138], [0.14538897488038283, 0.6104431870246249, 0.09442962880511606, 0.1497382092898762], [0.4769615172755826, 0.3540285288754215, 0.04540880854991049, 0.12360114529908532], [0.17318392099428997, 0.1793232267627401, 0.16640848281143028, 0.48108436943153965], [0.1113418774760134, 0.23587390964515711, 0.5541711113122676, 0.09861310156656188], [0.09199902169772067, 0.29544521523315176, 0.4108850838352209, 0.2016706792339068], [0.17935907669800757, 0.39687209057457523, 0.09174905403014304, 0.3320197786972741], [0.15410256354323265, 0.1779076517103627, 0.31322582193055054, 0.3547639628158541], [0.24480429169548673, 0.3140921773997346, 0.3878135071800846, 0.05329002372469408], [0.15394514124302416, 0.184396158497748, 0.134241910649433, 0.5274167896097949], [0.44276816300240535, 0.09402007589576648, 0.02544077012364646, 0.4377709909781817], [0.07963824465069767, 0.5496674625003869, 0.16092515520912234, 0.20976913763979313], [0.1576562340349252, 0.11440164328091433, 0.5348574961318842, 0.1930846265522763], [0.2729190926839197, 0.28248990429804854, 0.278647473609164, 0.16594352940886786], [0.531960044096012, 0.1145988086639821, 0.12981451656499476, 0.2236266306750111], [0.15868582358890074, 0.6670984247140362, 0.11533451860762527, 0.058881233089437685], [0.19847597687281748, 0.1531508325767786, 0.05330505383731241, 0.5950681367130914], [0.04987787028611672, 0.5226217115476686, 0.2915663766516116, 0.13593404151460303], [0.6575505939399945, 0.06476517260869456, 0.22777788977334237, 0.04990634367796862], [0.16532964011696966, 0.23757750574003786, 0.34561552420774855, 0.25147732993524385], [0.422783413498091, 0.2585260942668074, 0.2583474181546773, 0.06034307408042438], [0.13845535153512376, 0.3235902607957268, 0.4400212430479378, 0.0979331446212116], [0.20120491315956496, 0.11176834719998688, 0.3696922660516653, 0.31733447358878286], [0.30200185922881984, 0.1913196929218806, 0.398942473925163, 0.10773597392413657], [0.209878893568098, 0.35809973710374515, 0.20683860397319748, 0.2251827653549594], [0.311478985099808, 0.181493771574867, 0.15074549137203294, 0.356281751953292], [0.3071018317819941, 0.18720457113717284, 0.2418278060266233, 0.2638657910542097], [0.06319794192279195, 0.6257912291245185, 0.25691728961196364, 0.054093539340726], [0.2044438735726119, 0.37438409387593713, 0.09456158381976516, 0.3266104487316859], [0.1534068122255183, 0.37138089803356616, 0.17993789481668365, 0.2952743949242318], [0.20867626740868608, 0.1471990403182936, 0.36200138970253154, 0.2821233025704888], [0.6184486841167529, 0.0672009108429111, 0.23783540835835643, 0.0765149966819795], [0.24575490856423474, 0.1616474543900101, 0.22488524217382297, 0.3677123948719321], [0.05947384474226457, 0.3584348498575175, 0.36899008385359283, 0.21310122154662517], [0.2423247719311404, 0.16913239001460806, 0.445339070397732, 0.14320376765651952], [0.02051864420259294, 0.29631172574404924, 0.1807814349486788, 0.5023881951046789], [0.4278396751323215, 0.2355965492612932, 0.22117477377122002, 0.1153890018351652], [0.26829241356732225, 0.20194953049133324, 0.44641119563280923, 0.08334686030853523], [0.5396126971139005, 0.12840155574648685, 0.22769223126040664, 0.10429351587920604], [0.11005007847175033, 0.12054221282573735, 0.6183601168927565, 0.15104759180975594], [0.12788575313217354, 0.15488104281132317, 0.28905677741258146, 0.42817642664392197], [0.021563509132188713, 0.757765392791797, 0.07105659770101375, 0.14961450037500054], [0.12841272675353338, 0.21023916832318, 0.2318372967914895, 0.42951080813179715], [0.3177108615127534, 0.3252169461451446, 0.32458273922402836, 0.03248945311807365], [0.08844320583243377, 0.6668889378330722, 0.1273631129011226, 0.11730474343337133], [0.5385971924453228, 0.31023994408288313, 0.047188375988310424, 0.10397448748348372], [0.30185072726860074, 0.08867495408451158, 0.2815514604538435, 0.32792285819304423], [0.20715649891330123, 0.3447121291055106, 0.171093571611607, 0.27703780036958114], [0.1609274680768166, 0.19705889053018782, 0.1701113818938666, 0.4719022594991289], [0.14306491428903934, 0.23247918162204187, 0.4916647753653385, 0.13279112872358045], [0.5712782161132646, 0.08103510459107147, 0.10549358189913484, 0.24219309739652914], [0.2711366802151817, 0.2412910667437602, 0.0675200304572112, 0.42005222258384695], [0.05409298315521011, 0.218679852797223, 0.25790663564629446, 0.4693205284012724], [0.30639189190910265, 0.2345113532048801, 0.08997552054021869, 0.3691212343457985], [0.20778153215715045, 0.0733275308613969, 0.5720736313279579, 0.14681730565349485], [0.16194975307961804, 0.21490746408950817, 0.12303213270426275, 0.5001106501266109], [0.12136782433416915, 0.06901036443796378, 0.5090415441669492, 0.30058026706091767], [0.6139094133241016, 0.0675750698099574, 0.12458902485870678, 0.19392649200723422], [0.6111213136907206, 0.11715375691652033, 0.06940570116911074, 0.20231922822364826], [0.46163233272419235, 0.08093905985324185, 0.3614192311158322, 0.09600937630673365], [0.2591797459607954, 0.19178100151204483, 0.46526261573601724, 0.08377663679114247], [0.06382737642125375, 0.13601962739403656, 0.036430725087583514, 0.7637222710971262], [0.12101890193239356, 0.1573273920942493, 0.5593060962959276, 0.16234760967742948], [0.26476778976059706, 0.4824527035564158, 0.17585228296738759, 0.07692722371559965], [0.28212146578488645, 0.06783120552496653, 0.36755798398930634, 0.2824893447008407], [0.0688190526455229, 0.05422912016510776, 0.8574540200241523, 0.01949780716521706], [0.25151997176402574, 0.2194527491588154, 0.26191468418171526, 0.26711259489544364], [0.15573871360239344, 0.24662611079447555, 0.33046719657761287, 0.26716797902551814], [0.2009668320940841, 0.39731010497885316, 0.04016508948052728, 0.3615579734465355], [0.5332685697576629, 0.17946826925980838, 0.08399360372509565, 0.20326955725743304], [0.27026810125262424, 0.49733191504163826, 0.2051944187304155, 0.027205564975321964], [0.05302077742658288, 0.40464704491842113, 0.30918463016458936, 0.2331475474904066], [0.23711741935850844, 0.3124233617054351, 0.14409231902748362, 0.3063668999085728], [0.33737383505289426, 0.39851359433648315, 0.24910308830436906, 0.015009482306253543], [0.07895788290508766, 0.22363156059714034, 0.5159827424426691, 0.18142781405510294], [0.643004726950184, 0.10279956819311453, 0.2112552935373412, 0.04294041131936027], [0.17140670178291545, 0.1863466160620672, 0.0530479149583982, 0.5891987671966191], [0.22520182774132874, 0.25947852203120503, 0.26107019484068633, 0.2542494553867799], [0.1145373917049997, 0.37326846846158046, 0.2716493302488902, 0.2405448095845296], [0.028072207706237556, 0.6291493495336378, 0.28495057869283397, 0.05782786406729075], [0.378024205864516, 0.13680258511576485, 0.3944846697062448, 0.0906885393134743], [0.15014852605648185, 0.11777349353148228, 0.35771262076496996, 0.37436535964706585], [0.019373015191124773, 0.01741677924391589, 0.7352324186045185, 0.22797778696044083], [0.029341815396869135, 0.8547915955514033, 0.03831093247383373, 0.07755565657789394], [0.32746503247699155, 0.41726363382990084, 0.08512715655040612, 0.1701441771427014], [0.10317459291426767, 0.12392885448811719, 0.6436347711958575, 0.1292617814017576], [0.12828088570330212, 0.3972532975243315, 0.19458677859266046, 0.27987903817970583], [0.2646590863320081, 0.16038824510927296, 0.29130187674757385, 0.2836507918111451], [0.32602049499052493, 0.15965728773553656, 0.2757454925442493, 0.23857672472968922], [0.1551362161789505, 0.2626834607989654, 0.48395116921538256, 0.09822915380670168], [0.2488918320554054, 0.3182725668419452, 0.2697203707178862, 0.16311523038476322], [0.17073471760155115, 0.3288656588631725, 0.2630664871228868, 0.23733313641238965], [0.37660344221729186, 0.31782180145858335, 0.144097390145933, 0.1614773661781918], [0.1837564606845855, 0.31366994358516387, 0.3768510669244242, 0.12572252880582632], [0.0889686021012228, 0.24359697302257902, 0.5195321288972784, 0.1479022959789197], [0.43355770012051037, 0.06782474531928262, 0.23919778144577133, 0.2594197731144356], [0.3558508309431745, 0.19405850710328315, 0.2511106906501109, 0.19897997130343148], [0.35233864814415466, 0.09611326300960968, 0.26290163111492304, 0.2886464577313126], [0.308794497355486, 0.218071226795063, 0.10919014653439456, 0.3639441293150564], [0.0990538063935181, 0.05011120625675101, 0.46490941024923566, 0.38592557710049524], [0.44208684744876653, 0.26179562055204536, 0.17870234924686404, 0.11741518275232408], [0.09332216050600106, 0.049799004365870536, 0.38606877822525937, 0.47081005690286903], [0.2531549667730254, 0.00848323478831371, 0.35873856984896413, 0.3796232285896968], [0.1347355519067357, 0.07892964329556328, 0.38614248638800364, 0.40019231840969743], [0.09601752793787405, 0.175658996135797, 0.5038790764267622, 0.22444439949956682], [0.379726371650083, 0.19340775321904516, 0.34092725812485536, 0.08593861700601657], [0.29381122853146674, 0.14366048040629978, 0.3048803887704892, 0.2576479022917443], [0.2787923195338533, 0.41362088991669627, 0.03171594368843472, 0.27587084686101565], [0.13912838367751337, 0.37824558894053856, 0.42368161553806183, 0.058944411843886144], [0.6390785362136417, 0.29495526585817405, 0.044745251380384, 0.02122094654780019], [0.12640490133672905, 0.6344812324693702, 0.03995262314204982, 0.1991612430518509], [0.02244697286370548, 0.7012523559519018, 0.08416807336784865, 0.19213259781654413], [0.5143669856455143, 0.08668411782986318, 0.06324008927520576, 0.3357088072494169], [0.11435887286092004, 0.40470023716543096, 0.14726015719023317, 0.3336807327834158], [0.05064734629077217, 0.1250303598752316, 0.30090039089578446, 0.5234219029382118], [0.06870363956598988, 0.39450339592740635, 0.3063344202061238, 0.23045854430048002], [0.18646080385217997, 0.09334956981461695, 0.4932161362329132, 0.22697349010028983], [0.05405984625732411, 0.4346769459872866, 0.3778512762785012, 0.13341193147688815], [0.4938708603934499, 0.05245415313456031, 0.13174295466326197, 0.3219320318087279], [0.7051922239837255, 0.12326870095277047, 0.14079001675234115, 0.03074905831116283], [0.35025057325319203, 0.053711419462362485, 0.3856612146733861, 0.2103767926110594], [0.31634161153558427, 0.11033240565810895, 0.2583904650983026, 0.31493551770800404], [0.03495399994745299, 0.10859081317801178, 0.2817838698742844, 0.5746713170002509], [0.43441074435624705, 0.19473757120703583, 0.2570506844854227, 0.11380099995129435], [0.3213636113999386, 0.24619134574353643, 0.19504046682257772, 0.23740457603394727], [0.15792286421330137, 0.07928529077006027, 0.48044911606620233, 0.282342728950436], [0.48991146616933295, 0.18662486897029812, 0.28340061727284077, 0.04006304758752818], [0.10197985075911095, 0.5403892100600581, 0.2197438499827445, 0.13788708919808662], [0.2556587673485057, 0.062106832787002235, 0.3805270728446005, 0.30170732701989156], [0.050420408126575965, 0.30557268598209236, 0.5667149043963016, 0.07729200149502999], [0.18275379867715594, 0.14111588976433365, 0.1640108820976206, 0.5121194294608898], [0.14029263770723635, 0.13711966180758098, 0.5778440288787163, 0.1447436716064662], [0.18642993004308084, 0.08402463874278117, 0.5210018823621078, 0.20854354885203014], [0.2982356808998778, 0.2136799550740066, 0.3196303686082867, 0.16845399541782877], [0.18175762332791584, 0.5225920129495286, 0.13479355785176533, 0.16085680587079007], [0.20977784235398056, 0.11535621381710802, 0.03680474639045821, 0.6380611974384531], [0.13313186772926716, 0.3095693303390495, 0.26154393269121573, 0.2957548692404676], [0.1882557771157945, 0.2822313753272207, 0.4401635418947028, 0.08934930566228186], [0.4582585225414118, 0.2968931181398254, 0.043390580399284444, 0.20145777891947825], [0.12355233547878862, 0.24559221882687846, 0.4466226807845121, 0.18423276490982085], [0.2290325303127941, 0.16668990187938112, 0.19221757635900058, 0.4120599914488241], [0.10410766808146363, 0.32119519382426887, 0.3652010258049674, 0.20949611228930023], [0.21127449804831763, 0.11593455622319518, 0.13464535899565494, 0.5381455867328322], [0.0011256968990938432, 0.9347577137288745, 0.04334261954791542, 0.020773969824116265], [0.2522051620563576, 0.3522859494457049, 0.20024704241567812, 0.1952618460822593], [0.20587698508208116, 0.02589374364676395, 0.563856393065194, 0.2043728782059608], [0.36786225718157245, 0.06088775535121475, 0.39712406230587166, 0.1741259251613411], [0.47441056349227306, 0.10205745103315958, 0.138165126669635, 0.2853668588049325], [0.37615436135057034, 0.23981018387827832, 0.08215768066740943, 0.30187777410374184], [0.16208339562944085, 0.4412959821531597, 0.2132380493242221, 0.18338257289317728], [0.23784190034466707, 0.1496343518666358, 0.1842456127620987, 0.42827813502659845], [0.39109264474763855, 0.2664605878854064, 0.21164926694633898, 0.1307975004206161], [0.42977331726171214, 0.1438154610822586, 0.20522577301119738, 0.2211854486448319], [0.18181778193131676, 0.18881294154324474, 0.13809768800521063, 0.4912715885202279], [0.18799359060796036, 0.29369476204680695, 0.18551621407735575, 0.33279543326787697], [0.16525952029655985, 0.08472834179692273, 0.4292054467952281, 0.32080669111128934], [0.17555668387496587, 0.06204239593343015, 0.21485025033424257, 0.5475506698573612], [0.12482458983969581, 0.6468455478803569, 0.025858019749130743, 0.2024718425308166], [0.12132061655800859, 0.4905023796409022, 0.1841648740158503, 0.20401212978523892], [0.4181944871398742, 0.2587861887098905, 0.22517781478559298, 0.09784150936464234], [0.2299796275378433, 0.4087438589244846, 0.27112653793012925, 0.09014997560754281], [0.45773473001612897, 0.19933944452301575, 0.2619919448731313, 0.08093388058772395], [0.4490925623322662, 0.3273053877265336, 0.11091858492342681, 0.11268346501777332], [0.6749814003206949, 0.04399861604455061, 0.1074269137356319, 0.17359306989912274], [0.15388406157322396, 0.23892231494701785, 0.34825995657783054, 0.2589336669019276], [0.14420392513931626, 0.38014067662371626, 0.1407734979850034, 0.33488190025196407], [0.10214136691384577, 0.3959107507023324, 0.3092030927064625, 0.19274478967735945], [0.11447791429095576, 0.15909348449871813, 0.5448418766846234, 0.18158672452570288], [0.1252798801570207, 0.25159596520047717, 0.3756514678402815, 0.24747268680222054], [0.22081997074424092, 0.4026365841770518, 0.08791983470247695, 0.2886236103762304], [0.42051372316734287, 0.19610138040172329, 0.05020751989788758, 0.33317737653304635], [0.5295629599698609, 0.10128039383164672, 0.1728867976900876, 0.1962698485084046], [0.4663727420655164, 0.15254095429179096, 0.21432106723441965, 0.16676523640827293], [0.022165316292091744, 0.3886676300696279, 0.3294036201967891, 0.25976343344149133], [0.2179950611251855, 0.678910187393192, 0.06320554715423173, 0.03988920432739084], [0.20105803479773893, 0.5722414555851003, 0.08585747703008313, 0.14084303258707762], [0.09810025718460416, 0.12053425685502375, 0.508284411166014, 0.2730810747943581], [0.33421768718155453, 0.1853876808198156, 0.2815320148998196, 0.19886261709881026], [0.277563255101058, 0.26614352385374934, 0.2694685908532807, 0.18682463019191203], [0.10727921308891596, 0.04663485506429793, 0.6863247322174502, 0.15976119962933605], [0.3763704787434295, 0.27615169099562503, 0.14055254349587737, 0.20692528676506816], [0.15194640777472734, 0.05617130912639443, 0.16493636640786993, 0.6269459166910083], [0.45776925354779985, 0.2944323837749707, 0.23376196557812862, 0.0140363970991007], [0.17205479280045358, 0.17158718395452102, 0.3179921864792925, 0.33836583676573295], [0.6053873226677703, 0.05313968403232381, 0.1098391029341508, 0.2316338903657552], [0.6316972147786319, 0.08495658250288074, 0.14694778771824096, 0.1363984150002465], [0.36944697116686004, 0.20694137728991904, 0.3081009219437176, 0.11551072959950334], [0.10638550600492869, 0.29012635602224035, 0.26874449292952973, 0.3347436450433011], [0.5910286224236126, 0.27901708136889747, 0.0533887588926182, 0.07656553731487169], [0.12223204709418578, 0.587392336932653, 0.07808631225856669, 0.21228930371459456], [0.1270989551776656, 0.5752634977170016, 0.2829333933642609, 0.014704153741071964], [0.14546388430088475, 0.6321513387585983, 0.15669317156827947, 0.06569160537223755], [0.14889539774052207, 0.14767528762286977, 0.2327022389038043, 0.4707270757328038], [0.20082300131019626, 0.07793224814597337, 0.5194086151909235, 0.20183613535290695], [0.3758455378529546, 0.15256849809377238, 0.35884571064973664, 0.11274025340353631], [0.17868354872965353, 0.16279906231615104, 0.2669416718712576, 0.3915757170829378], [0.47102879064426684, 0.06669483454285846, 0.178044901101109, 0.28423147371176566], [0.44427780564263225, 0.30426766304506053, 0.08685845853550633, 0.16459607277680077], [0.7270700087693925, 0.025113291722792704, 0.2060742615583209, 0.04174243794949383], [0.05745575841710148, 0.42332553281356583, 0.36607584793904596, 0.1531428608302868], [0.17241124888080397, 0.289273448784682, 0.37175888085414166, 0.16655642148037234], [0.16966604925658194, 0.37246663337390795, 0.042186095475601586, 0.41568122189390855], [0.18077656284002747, 0.24560169739492907, 0.41299518334143537, 0.16062655642360807], [0.3314751892284555, 0.28674556108725485, 0.12646048850675182, 0.25531876117753793], [0.35622618751748575, 0.3333073392593865, 0.09268930657175824, 0.21777716665136945], [0.2886306341831331, 0.058132663054624584, 0.4690981823149789, 0.1841385204472634], [0.24794572653518107, 0.157497943190792, 0.19951565136648777, 0.39504067890753924], [0.39208905501895747, 0.1456254703604137, 0.3609392172564194, 0.10134625736420957], [0.08475683308545776, 0.4093556980695211, 0.0694924092150478, 0.43639505962997327], [0.1068323998957012, 0.03123995678877894, 0.17674094104099525, 0.6851867022745245], [0.4805084396462761, 0.2693479410185492, 0.2048923433579741, 0.04525127597720063], [0.5414852221552773, 0.29920456961024045, 0.028483942569997346, 0.13082626566448488], [0.2473145878504032, 0.1335587234274552, 0.1230734865982368, 0.4960532021239048], [0.19914845867788117, 0.13875245308510778, 0.4829189279651808, 0.17918016027183026], [0.4650739522862308, 0.21518272368653216, 0.09288411660304999, 0.22685920742418703], [0.09386960620317551, 0.3443977036038081, 0.37222501773261973, 0.1895076724603966], [0.13373130706696992, 0.19315617954115316, 0.4653410104302465, 0.20777150296163038], [0.14393739120278717, 0.10640684161457042, 0.5099861594114861, 0.2396696077711564], [0.6563072886659045, 0.06427067530051947, 0.18640861853784296, 0.09301341749573307], [0.10067645170746847, 0.44342861610606416, 0.3301945966359859, 0.12570033555048135], [0.25240480135097376, 0.2529230734627161, 0.45004232785918635, 0.04462979732712384], [0.1114699716612916, 0.3101919103529853, 0.1499059523382519, 0.4284321656474712], [0.536318334034392, 0.21094694700560554, 0.17868377273525246, 0.07405094622474996], [0.3502213291784972, 0.10636975848118409, 0.05136435072479934, 0.49204456161551946], [0.10890632149805372, 0.5369339617872673, 0.0790076743604639, 0.27515204235421514], [0.030244250970855865, 0.410549662884306, 0.3017742890782922, 0.257431797066546], [0.2685029405193754, 0.5687846598407695, 0.03946705624539434, 0.12324534339446076], [0.1325943144841513, 0.10672904955526927, 0.33769318599349163, 0.4229834499670878], [0.0716720429911919, 0.18454264109286467, 0.1947109543679185, 0.549074361548025], [0.11455645673189059, 0.29059444305633453, 0.13236207620932802, 0.46248702400244684], [0.33299326346320596, 0.1719580679155974, 0.040818280394793495, 0.45423038822640305], [0.18671273645407988, 0.42001219855568434, 0.08387268729386885, 0.3094023776963671], [0.29654035403495116, 0.148593905033018, 0.3271013778177682, 0.2277643631142626], [0.1060356019321248, 0.33689457381332394, 0.34297551962826694, 0.21409430462628432], [0.10608918157843722, 0.2633325279088069, 0.04595378876305607, 0.5846245017496999], [0.6278310487943234, 0.011038789466060066, 0.046787590732630724, 0.3143425710069858], [0.3467158381260185, 0.3448392073940876, 0.18774398182788368, 0.1207009726520102], [0.3961154578779353, 0.45554945719423334, 0.07274949511737701, 0.07558558981045449], [0.25730326296198314, 0.23447145178006332, 0.157758763163511, 0.3504665220944426], [0.24698332134764917, 0.06696369572023979, 0.34732379148328113, 0.3387291914488298], [0.7348965567679518, 0.06885225789653171, 0.09285721365432058, 0.10339397168119598], [0.29996510859491143, 0.19391706731109642, 0.3122881051928246, 0.1938297189011676], [0.1407176037484281, 0.6746657779015152, 0.13029883466194708, 0.05431778368810964], [0.4493667988262058, 0.14389921617154158, 0.3316982744765575, 0.07503571052569524], [0.10239782641017724, 0.2132838999276162, 0.47157371982904384, 0.21274455383316268], [0.11773709548350295, 0.1258393864535833, 0.13178691155010222, 0.6246366065128115], [0.15078271765366238, 0.4067792529019439, 0.2821205093142955, 0.1603175201300981], [0.41472067606250107, 0.14255514384174822, 0.23014298420458854, 0.21258119589116217], [0.22270318890082372, 0.16215128403502577, 0.4754567979921334, 0.1396887290720171], [0.1079971809377722, 0.6817332837620639, 0.10153079428091573, 0.10873874101924828], [0.1702617234533767, 0.6231995667879328, 0.10541918651446053, 0.10111952324423008], [0.255296310987825, 0.327848164675878, 0.11907043328022396, 0.297785091056073], [0.20254000676006353, 0.13334985358022527, 0.21771634367165899, 0.4463937959880523], [0.09191234165375257, 0.3618673648322495, 0.07079847540571355, 0.4754218181082843], [0.18488461504443796, 0.21460201824579045, 0.27044828809529126, 0.33006507861448037], [0.18435090348462813, 0.3937432712952272, 0.2644751451670063, 0.1574306800531382], [0.226997211755647, 0.371720198255307, 0.12124639885930402, 0.280036191129742], [0.33113748247878555, 0.34513942183971696, 0.16324317675810548, 0.16047991892339206], [0.1678871445519615, 0.42580448966650225, 0.06201294788459131, 0.344295417896945], [0.21390535288970222, 0.4572879444150537, 0.21561338335149335, 0.11319331934375071], [0.042301282369210526, 0.1103487025933848, 0.7516855552564886, 0.09566445978091608], [0.271462210186287, 0.47031078079702204, 0.10696866498719726, 0.15125834402949365], [0.233671995303519, 0.5059565330781326, 0.09321990860699016, 0.16715156301135822], [0.47515501934681353, 0.06296709179442843, 0.23917692123155015, 0.222700967627208], [0.295400665162978, 0.31663671550693023, 0.1539176512499853, 0.2340449680801065], [0.10680780293511656, 0.32702612251588953, 0.26851260780658603, 0.2976534667424079], [0.2847687545435639, 0.15867351978343497, 0.182477372348497, 0.37408035332450423], [0.12831201980247858, 0.12887729060196537, 0.18074721856907716, 0.5620634710264789], [0.36240879798335474, 0.2333756025484402, 0.26351002875299173, 0.14070557071521345], [0.10209961609545457, 0.1323259579019507, 0.22102624678406615, 0.5445481792185286], [0.2232118074852783, 0.14842651832011297, 0.11857087413705725, 0.5097908000575514], [0.2190274541115847, 0.18642938355558467, 0.16045568369175317, 0.4340874786410774], [0.03542126949588618, 0.38204059095829584, 0.5079149608159765, 0.07462317872984137], [0.2797722096276028, 0.4334776723896188, 0.06117657964869181, 0.22557353833408664], [0.178844303976203, 0.08971870267685342, 0.24579272361873422, 0.48564426972820934], [0.2721143007975031, 0.34448114063792884, 0.17573477774770507, 0.20766978081686296], [0.1001958092335989, 0.32486186065774225, 0.4983285169929425, 0.07661381311571645], [0.24560180508903517, 0.38254710835824285, 0.31891475228846466, 0.052936334264257326], [0.44523801171332883, 0.4915878545444823, 0.044267980741784035, 0.018906153000404907], [0.14649569776713361, 0.12012689059315307, 0.49332865784003704, 0.24004875379967627], [0.23302362816297356, 0.2032205465144577, 0.0727908916160469, 0.4909649337065219], [0.23684193755427813, 0.21827917606515856, 0.16066746560707623, 0.384211420773487], [0.11195637771610219, 0.15434264103580814, 0.35696423644283026, 0.3767367448052595], [0.20618881483661503, 0.22237911326229345, 0.13256616272320745, 0.43886590917788404], [0.21859172461157728, 0.07737371215498899, 0.4345750783364582, 0.2694594848969756], [0.33314163358529814, 0.164761870590638, 0.2437071854429145, 0.2583893103811494], [0.50817699022347, 0.259418797368066, 0.010048260932426594, 0.22235595147603726], [0.2283421677163446, 0.2511439872656994, 0.1520947972568725, 0.3684190477610835], [0.47957425486148286, 0.11652582889190845, 0.09285088072267832, 0.3110490355239303], [0.3388250418826949, 0.45994551784596954, 0.12615864660000262, 0.0750707936713328], [0.07196700431660226, 0.08934045543308503, 0.829436444967143, 0.009256095283169915], [0.1069596072394374, 0.3842249795804, 0.15691260647680988, 0.35190280670335267], [0.37880917534231323, 0.19516219927479475, 0.21259739570906486, 0.21343122967382713], [0.5073023252484401, 0.1537203480969733, 0.1005080862638903, 0.23846924039069614], [0.3929048618283672, 0.08691539652585598, 0.08178885162218082, 0.43839089002359605], [0.13996266531638776, 0.42873261212995106, 0.2004064024497639, 0.23089832010389721], [0.07784887953686467, 0.19985883818836717, 0.08502925554101515, 0.6372630267337529], [0.3090398038913277, 0.21585744667931442, 0.26318523187479453, 0.21191751755456342], [0.2604737598317257, 0.4172424187191301, 0.14313678822594988, 0.17914703322319442], [0.12378657883616816, 0.041968936573411365, 0.14545850675714622, 0.6887859778332742], [0.27178784644098514, 0.07309882826246193, 0.19659533075203606, 0.45851799454451697], [0.5023550694736412, 0.31153616304185827, 0.11895993137286644, 0.06714883611163405], [0.5104635704984998, 0.030142129829591073, 0.19789291040028253, 0.2615013892716266], [0.27186723434062626, 0.08895594878230216, 0.3075627601283983, 0.3316140567486733], [0.5198747234522915, 0.2291374153031446, 0.14050753616609027, 0.11048032507847379], [0.07597928555146838, 0.3696434683022676, 0.35254634764897486, 0.20183089849728925], [0.28793127721156453, 0.19435811793995877, 0.28362486698760353, 0.23408573786087317], [0.1953747757608817, 0.0947037468288425, 0.5127395118135052, 0.19718196559677045], [0.05220975041553921, 0.4396729972140693, 0.25785840616214717, 0.2502588462082443], [0.14571015737677484, 0.2404052783509543, 0.4443948520116546, 0.1694897122606164], [0.21645150671023328, 0.31569421284000615, 0.382554895904523, 0.08529938454523757], [0.279932180737845, 0.33053811282155565, 0.34191751328494596, 0.047612193155653605], [0.6860935859302986, 0.0800254415472235, 0.2173859182648883, 0.01649505425758955], [0.3519635029370702, 0.16895060120506744, 0.08802854649893026, 0.39105734935893216], [0.1689791174176071, 0.5233590335147723, 0.23461091777047047, 0.07305093129714996], [0.15025162151969246, 0.19491359572884817, 0.2698102948766062, 0.38502448787485316], [0.3020430874100935, 0.04673482677140585, 0.21161697248699537, 0.4396051133315052], [0.43246307655490873, 0.25261938468468104, 0.10134051118039518, 0.21357702758001512], [0.21192490708086556, 0.18576796247663613, 0.31511829157734783, 0.28718883886515045], [0.024502110718791485, 0.38228096187941035, 0.24867187050663447, 0.34454505689516357], [0.309044007668265, 0.5324908074656028, 0.0990248563446792, 0.05944032852145312], [0.22598001927392317, 0.24540542321397912, 0.3351777263412216, 0.1934368311708761], [0.08939943267420254, 0.2902933484978331, 0.3274718392284486, 0.2928353795995157], [0.05508319286915635, 0.2880738125851207, 0.3174430416092249, 0.3393999529364981], [0.37115781916278345, 0.34793608777881324, 0.03651798019173975, 0.24438811286666356], [0.4147639674165542, 0.06315982571748618, 0.1674528433617149, 0.3546233635042447], [0.12835628321007744, 0.11098007530229502, 0.3343000437838083, 0.42636359770381926], [0.09083833457019523, 0.03223556781119917, 0.36968707314950433, 0.5072390244691013], [0.1935390677019386, 0.38841758812056676, 0.18253252747469742, 0.23551081670279714], [0.39022403225779567, 0.10164002634767949, 0.1668904666462152, 0.34124547474830963], [0.08647320137709899, 0.30071424076081577, 0.3897251589127896, 0.2230873989492957], [0.41998042893951343, 0.2488151900052973, 0.2585754455419529, 0.07262893551323639], [0.1248346008200295, 0.5325803200523791, 0.2870327590719803, 0.055552320055611115], [0.2385358367932068, 0.12431209431784018, 0.4663374288431426, 0.17081464004581043], [0.5905081425162111, 0.11628026499928619, 0.2165474169079464, 0.0766641755765562], [0.46731310187074343, 0.07147158838198886, 0.17818944359904892, 0.2830258661482188], [0.15796988534141482, 0.5896813008820403, 0.13697676809406167, 0.11537204568248316], [0.1739549782959351, 0.29606427808139796, 0.18315170300546207, 0.3468290406172049], [0.20562510882835733, 0.07022457620973457, 0.5327264214510317, 0.19142389351087655], [0.43376934018365815, 0.4088206040208936, 0.0493555601216577, 0.10805449567379045], [0.11870770734985255, 0.2769903733535451, 0.2929194055895072, 0.31138251370709513], [0.05950792316987916, 0.022626877157107463, 0.7485969085034996, 0.1692682911695139], [0.09143044001631193, 0.24548137609531445, 0.25598578772969083, 0.40710239615868293], [0.6569824270855006, 0.12804039921654572, 0.07330427425535525, 0.14167289944259862], [0.21876856677946044, 0.44831264343302263, 0.18632853637467722, 0.14659025341283966], [0.24273385839405573, 0.18085204454334866, 0.15552483607304846, 0.42088926098954715], [0.22472103373059196, 0.6063237599786333, 0.09905606096682178, 0.06989914532395286], [0.09791854795399704, 0.2